# AI Action Log — su3_V1

## 2026-07-17 08:58:20 — 🌟 KERNEL START


---

## 2026-07-17 13:14:33 — 🔄 KERNEL RESTART

## 2026-07-17 13:14:42 — ▶️ RUN CELLS 1–6
Cell 1: ✓ — (no output)
Cell 2: ✓ — (no output)
Cell 3: ✓ — (no output)
Cell 4: ✓ — Out[14]= \left\{0\right\}
Cell 5: ✓ — (no output)
Cell 6: ✓ — (no output)

## 2026-07-17 13:14:50 — 📥 BULK INSERT 1 CELL(S) at positions 7–7
1. [code] (*Numeric parameters (shared across Section B). θ,h copied from the su(2) Clean notebook;↵  three DI


## 2026-07-17 13:14:50
**Input:**
```wolfram
(*Numeric parameters (shared across Section B). θ,h copied from the su(2) Clean notebook;
  three DISTINCT unit-modulus twist eigenvalues z[1],z[2],z[3] (generic → non-degenerate;
  no ∏z=1 constraint since gl(3) is not unimodular-normalized). χ1,χ2,χ3 and G were defined
  in Section A as symmetric functions of z[i], so they become numeric automatically.*)
θ1 = 1/3;
θ2 = 1/7;
h = 1;
z[1] = N[Exp[I Zeta[3]], 30];
z[2] = N[Exp[I Zeta[5]], 30];
z[3] = N[Exp[I Zeta[7]], 30];
{θ1, θ2, h, z[1], z[2], z[3], χ1, χ2, χ3}
```
**Output:**
```
Out[27]= \left\{\frac{1}{3},\frac{1}{7},1,0.360439875147226537266677650596+0.932782448593374716484835982071\,\mathrm{i},0.508867380990499828163321372267+0.860844927129079093188644393616\,\mathrm{i},0.533257880589599372595832345093+0.845952736734794526483381618453\,\mathrm{i},1.40256513672732573802583136796+2.63958011245724833615686199414\,\mathrm{i},-1.6733239859016290991182472189+2.47680418504351… [511 chars total]
```
## 2026-07-17 13:15:34 — ▶️ RUN CELLS 8–14
Cell 8: ✓ — (no output)
Cell 9: ✓ — (no output)
Cell 10: ✓ — Out[37]= \left\{0\right\}
Cell 11: ✓ — (no output)
Cell 12: ✓ — (no output)
Cell 13: ✓ — (no output)
Cell 14: ✓ — Out[48]= \left\{0,\left(0.\times 10^{-29}+0.\times 10^{-29}\,\mathrm{i}\right)\,\left(u-\frac{36}{7}\right)\,\left(u-\frac{10}{3}\right)\,\left(u-\frac{1}{3}\right)\,\left(u-\frac{1}{7}\right),\left(0.\times 10^{-29}+0.\times 10^{-29}\,\mathrm{i}\right)\,\left(u-\frac{29}{7}\right)\,\left(u-\frac{10}{3}\right)\,\left(u-\frac{1}{3}\right)\,\left(u-\frac{1}{7}\right),\left(0.\times 10^{-29}+0.\times… [1248 chars total]

## 2026-07-17 13:15:48 — 📥 BULK INSERT 1 CELL(S) at positions 15–15
1. [code] (*verify numeric parameters took hold before building Section B on top of them*)↵{Precision[χ1], N[χ


## 2026-07-17 13:15:48
**Input:**
```wolfram
(*verify numeric parameters took hold before building Section B on top of them*)
{Precision[χ1], N[χ3], Chip = χ1 - (z[1] + z[2] + z[3])} /. Chip -> Chop[Chip]
```
**Output:**
```
Out[49]= \left\{29.998415624999733,-0.9944145978415286-0.10554433949611333\,\mathrm{i},0\right\}
```
## 2026-07-17 13:15:54 — 📥 BULK INSERT 1 CELL(S) at positions 16–16
1. [code] (*single source of truth for the Yangian weight of T11, mirroring su(2)'s aFun→ν1 dedup*)↵ClearAll[ν


## 2026-07-17 13:15:55
**Input:**
```wolfram
(*single source of truth for the Yangian weight of T11, mirroring su(2)'s aFun→ν1 dedup*)
ClearAll[ν1];
ν1[S1_, S2_][u_] := ν[S1, S2][1][u];   (* = (u-θ1-h S1)(u-θ2-h S2) *)
ν1[1, 1][u]
```
**Output:**
```
Out[52]= \left(u-\frac{4}{3}\right)\,\left(u-\frac{8}{7}\right)
```
## 2026-07-17 13:16:05 — ✏️ EDIT CELL 18
(*3rd-order Baxter/TQ equation (reference form). Diagonal-twist transfer matrices τ1=tg[·][1,1],
  τ2=tg[·][2,1]; qdetT already carries χ3, so NO explicit χ3 here (would double-count).
  A1=τ1/ν1[u], …


## 2026-07-17 13:16:05
**Input:**
```wolfram
(*3rd-order Baxter/TQ equation (reference form). Diagonal-twist transfer matrices τ1=tg[·][1,1],
  τ2=tg[·][2,1]; qdetT already carries χ3, so NO explicit χ3 here (would double-count).
  A1=τ1/ν1[u], A2=τ2/(ν1[u]ν1[u-h]), A3=qdetT/(ν1[u]ν1[u-h]ν1[u-2h]).*)
ClearAll[Bax];
Bax[S1_,S2_] :=
  f[u + h]
   - tg[S1,S2][1,1][u]/ν1[S1,S2][u] f[u]
   + tg[S1,S2][2,1][u]/(ν1[S1,S2][u] ν1[S1,S2][u - h]) f[u - h]
   - qdetT[S1,S2][u]/(ν1[S1,S2][u] ν1[S1,S2][u - h] ν1[S1,S2][u - 2 h]) f[u - 2 h];
Head[Bax[1, 1]]
```
**Output:**
```
Out= List
```
## 2026-07-17 13:16:19 — ▶️ RUN CELL 18
**In [18]:** `(*Baxter equation for S1, S2 reps*)↵ClearAll[Bax]↵Bax[S1_,S2_]:=f[u+h] - τg[S1,S2][1,1][u]/ν1[S1,S2][u] f[u] + τg[S1,S2][2,1][u]/ν1[S1,S2][u]/ν1[S1,S2][u-h]f[u-h] + χ3 qdet[S1,S2][3,1][u]/ν1[S1,S2][u]`
**Out:** (no output)


## 2026-07-17 13:16:29
**Input:**
```wolfram
Head[Bax[1,1]]
```
**Output:**
```
Out= Plus
```
## 2026-07-17 13:17:17 — ✏️ EDIT CELL 18
(*3rd-order Baxter/TQ equation (reference form). Diagonal-twist transfer matrices τ1=tg[·][1,1],
  τ2=tg[·][2,1]; qdetT already carries χ3, so NO explicit χ3 here (would double-count).
  A1=τ1/ν1[u], …


## 2026-07-17 13:17:17
**Input:**
```wolfram
(*3rd-order Baxter/TQ equation (reference form). Diagonal-twist transfer matrices τ1=tg[·][1,1],
  τ2=tg[·][2,1]; qdetT already carries χ3, so NO explicit χ3 here (would double-count).
  A1=τ1/ν1[u], A2=τ2/(ν1[u]ν1[u-h]), A3=qdetT/(ν1[u]ν1[u-h]ν1[u-2h]).*)
ClearAll[Bax];
Bax[S1_,S2_] :=
  f[u + h]
   - tg[S1,S2][1,1][u]/ν1[S1,S2][u] f[u]
   + tg[S1,S2][2,1][u]/(ν1[S1,S2][u] ν1[S1,S2][u - h]) f[u - h]
   - qdetT[S1,S2][u]/(ν1[S1,S2][u] ν1[S1,S2][u - h] ν1[S1,S2][u - 2 h]) f[u - 2 h];
Head[Bax[1, 1]]
```
**Output:**
```
Out= List
```

## 2026-07-17 13:17:30
**Input:**
```wolfram
Head[Bax[1,1]]
```
**Output:**
```
Out= List
```

## 2026-07-17 13:17:59
**Input:**
```wolfram
tg[1,1][1,1][u]
tg[1,1][2,1][u]
ν1[1,1][u]
qdetT[1,1][u]
Bax[1,1]
```
**Output:**
```
Out[1]= {{(0.3604398751472265372666776505955500912937645232622850024938`29.707347828414424 + 0.9327824485933747164848359820708679294578496404879183613065`30.120295363558725*I)*(-4/3 + u)*(-8/7 + u) + (1.0421252615800992007591537173601929152707025546163127305558`29.867404925683804 + 1.7067976638638736196720260120693068356773456131376779774675`30.081667041926103*I)*(-1/3 + u)*(-1/7 + u), 0, 0, 0, 0, 0, 0, 0, 0}, {0, (0.5088673809904998281633213722670686199090953963505721183772`29.857119610800275 + 0.8608449271290790931886443936161642458151438806992171086196`30.085439922389305*I)*(-8/7 + u)*(-1/3 + u) + (0.3604398751472265372666776505955500912937645232622850024938`29.707347828414424 + 0.9327824485933747164848359820708679294578496404879183613065`30.120295363558725*I)*(-4/3 + u)*(-1/7 + u) + (0.5332578805895993725958323450931242953616071582657406121786`29.877452280089955 + 0.8459527367347945264833816184531425898622017324384608688479`30.077861097574722*I)*(-1/3 + u)*(-1/7 + u), 0, 0.5088673809904998281633213722670686199090953963505721183772`29.857119610800275 + 0.8608449271290790931886443936161642458151438806992171086196`30.085439922389305*I, 0, 0, 0, 0, 0}, {0, 0, (0.5332578805895993725958323450931242953616071582657406121786`29.877452280089955 + 0.8459527367347945264833816184531425898622017324384608688479`30.077861097574722*I)*(-8/7 + u)*(-1/3 + u) + (0.3604398751472265372666776505955500912937645232622850024938`29.707347828414424 + 0.9327824485933747164848359820708679294578496404879183613065`30.120295363558725*I)*(-4/3 + u)*(-1/7 + u) + (0.5088673809904998281633213722670686199090953963505721183772`29.857119610800275 + 0.8608449271290790931886443936161642458151438806992171086196`30.085439922389305*I)*(-1/3 + u)*(-1/7 + u), 0, 0, 0, 0.5332578805895993725958323450931242953616071582657406121786`29.877452280089955 + 0.8459527367347945264833816184531425898622017324384608688479`30.077861097574722*I, 0, 0}, {0, 0.3604398751472265372666776505955500912937645232622850024938`29.707347828414424 + 0.9327824485933747164848359820708679294578496404879183613065`30.120295363558725*I, 0, (0.3604398751472265372666776505955500912937645232622850024938`29.707347828414424 + 0.9327824485933747164848359820708679294578496404879183613065`30.120295363558725*I)*(-8/7 + u)*(-1/3 + u) + (0.5088673809904998281633213722670686199090953963505721183772`29.857119610800275 + 0.8608449271290790931886443936161642458151438806992171086196`30.085439922389305*I)*(-4/3 + u)*(-1/7 + u) + (0.5332578805895993725958323450931242953616071582657406121786`29.877452280089955 + 0.8459527367347945264833816184531425898622017324384608688479`30.077861097574722*I)*(-1/3 + u)*(-1/7 + u), 0, 0, 0, 0, 0}, {0, 0, 0, 0, (0.5088673809904998281633213722670686199090953963505721183772`29.857119610800275 + 0.8608449271290790931886443936161642458151438806992171086196`30.085439922389305*I)*(-4/3 + u)*(-8/7 + u) + (0.8936977557368259098625099956886743866553716815280256146724`29.800675669499228 + 1.7787351853281692429682176005240105193200513729263792301544`30.099596298137637*I)*(-1/3 + u)*(-1/7 + u), 0, 0, 0, 0}, {0, 0, 0, 0, 0, (0.5332578805895993725958323450931242953616071582657406121786`29.877452280089955 + 0.8459527367347945264833816184531425898622017324384608688479`30.077861097574722*I)*(-8/7 + u)*(-1/3 + u) + (0.5088673809904998281633213722670686199090953963505721183772`29.857119610800275 + 0.8608449271290790931886443936161642458151438806992171086196`30.085439922389305*I)*(-4/3 + u)*(-1/7 + u) + (0.3604398751472265372666776505955500912937645232622850024938`29.707347828414424 + 0.9327824485933747164848359820708679294578496404879183613065`30.120295363558725*I)*(-1/3 + u)*(-1/7 + u), 0, 0.5332578805895993725958323450931242953616071582657406121786`29.877452280089955 + 0.8459527367347945264833816184531425898622017324384608688479`30.077861097574722*I, 0}, {0, 0, 0.3604398751472265372666776505955500912937645232622850024938`29.707347828414424 + 0.9327824485933747164848359820708679294578496404879183613065`30.120295363558725*I, 0, 0, 0, (0.3604398751472265372666776505955500912937645232622850024938`29.70734782841
[output truncated — 5755 chars total]
Out[2]= {{(0.6195649437159357064208469289648537218014899499180425647488`29.517241328555162 - 0.784945399705144727340209210312420467181148591100079349728`29.61999394061785*I)*(8/7 - u)^2 + (0.6195649437159357064208469289648537218014899499180425647488`29.517241328555162 - 0.784945399705144727340209210312420467181148591100079349728`29.61999394061785*I)*(1/3 - u)*(7/3 - u) - (0.5968824612647582951218549041615314257475333055057271216695`29.499496999309883 - 0.8023286903972238692144500919746258807419595316683941809551`29.627960503873116*I)*(8/7 - u)*(-8/7 + u) - (1.2164474049806940015427018331263851475490232554237696864186`29.508443989177355 - 1.5872740901023685965546593022870463479231081227684735306831`29.62400258000614*I)*(-4/3 + u)^2*(-8/7 + u)^2 - (0.5968824612647582951218549041615314257475333055057271216695`29.499496999309883 - 0.8023286903972238692144500919746258807419595316683941809551`29.627960503873116*I)*(7/3 - u)*(-1/3 + u) - (0.4568765809209350975755453857775508578129657999197682896188`29.371151331691877 - 0.8895300949411415184237534370449845150193994358697773187929`29.66051308050147*I)*(-4/3 + u)*(-8/7 + u)*(-1/3 + u)*(-1/7 + u), 0, 0, 0, 0, 0, 0, 0, 0}, {0, (0.6195649437159357064208469289648537218014899499180425647488`29.517241328555162 - 0.784945399705144727340209210312420467181148591100079349728`29.61999394061785*I)*(1/7 - u)*(15/7 - u) - (0.4568765809209350975755453857775508578129657999197682896188`29.371151331691877 - 0.8895300949411415184237534370449845150193994358697773187931`29.66051308050147*I)*(4/3 - u)*(-1/3 + u) - (0.4568765809209350975755453857775508578129657999197682896188`29.371151331691877 - 0.8895300949411415184237534370449845150193994358697773187929`29.66051308050147*I)*(-4/3 + u)*(-8/7 + u)^2*(-1/3 + u) - (0.5968824612647582951218549041615314257475333055057271216695`29.499496999309883 - 0.8023286903972238692144500919746258807419595316683941809551`29.627960503873116*I)*(8/7 - u)*(-1/7 + u) - (0.6195649437159357064208469289648537218014899499180425647488`29.517241328555162 - 0.784945399705144727340209210312420467181148591100079349728`29.61999394061785*I)*(-15/7 + u)*(-4/3 + u)^2*(-1/7 + u) - (0.5968824612647582951218549041615314257475333055057271216698`29.499496999309883 - 0.8023286903972238692144500919746258807419595316683941809551`29.627960503873116*I)*(-4/3 + u)^2*(-8/7 + u)*(-1/7 + u), 0, (0.4568765809209350975755453857775508578129657999197682896188`29.371151331691877 - 0.8895300949411415184237534370449845150193994358697773187931`29.66051308050147*I)*(8/7 - u) + (0.6195649437159357064208469289648537218014899499180425647488`29.517241328555162 - 0.784945399705144727340209210312420467181148591100079349728`29.61999394061785*I)*(1/7 - u)*(4/3 - u) - (0.4568765809209350975755453857775508578129657999197682896188`29.371151331691877 - 0.8895300949411415184237534370449845150193994358697773187929`29.66051308050147*I)*(-4/3 + u)*(-8/7 + u) - (0.4568765809209350975755453857775508578129657999197682896188`29.371151331691877 - 0.8895300949411415184237534370449845150193994358697773187931`29.66051308050147*I)*(-1/3 + u) - (0.6195649437159357064208469289648537218014899499180425647488`29.517241328555162 - 0.784945399705144727340209210312420467181148591100079349728`29.61999394061785*I)*(-4/3 + u)*(-1/7 + u), 0, 0, 0, 0, 0}, {0, 0, (0.6195649437159357064208469289648537218014899499180425647488`29.517241328555162 - 0.784945399705144727340209210312420467181148591100079349728`29.61999394061785*I)*(1/7 - u)*(8/7 - u) - (0.5968824612647582951218549041615314257475333055057271216695`29.499496999309883 - 0.8023286903972238692144500919746258807419595316683941809551`29.627960503873116*I)*(15/7 - u)*(-1/7 + u) - (0.5968824612647582951218549041615314257475333055057271216698`29.499496999309883 - 0.8023286903972238692144500919746258807419595316683941809551`29.627960503873116*I)*(-15/7 + u)*(-4/3 + u)^2*(-1/7 + u) - (0.6195649437159357064208469289648537218014899499180425647488`29.517241328555162 - 0.784945399705144727340209210312420467181148591100079349728`29.61999394061785*I)*(-4/3 + u)^2*(-8/7 + u)*(-1/7 + u) - (0.45687658092093509757554
[output truncated — 13678 chars total]
Out[3]= (-4/3 + u)*(-8/7 + u)
Out[4]= (-0.9944145978415286577806456150645332908393735038958268340201`29.44245325110677 - 0.1055443394961133295075060113382859913751619075649164082601`28.46832070644821*I)*(-10/3 + u)*(-22/7 + u)*(-4/3 + u)*(-8/7 + u)*(-1/3 + u)*(-1/7 + u)
Out[5]= {{((0.9944145978415286577806456150645332908393735038958268340201`29.44245325110677 + 0.1055443394961133295075060113382859913751619075649164082601`28.46832070644821*I)*(-1/3 + u)*(-1/7 + u)*f[-2 + u])/((-7/3 + u)*(-15/7 + u)) + (((0.6195649437159357064208469289648537218014899499180425647488`29.517241328555162 - 0.784945399705144727340209210312420467181148591100079349728`29.61999394061785*I)*(8/7 - u)^2 + (0.6195649437159357064208469289648537218014899499180425647488`29.517241328555162 - 0.784945399705144727340209210312420467181148591100079349728`29.61999394061785*I)*(1/3 - u)*(7/3 - u) - (0.5968824612647582951218549041615314257475333055057271216695`29.499496999309883 - 0.8023286903972238692144500919746258807419595316683941809551`29.627960503873116*I)*(8/7 - u)*(-8/7 + u) - (1.2164474049806940015427018331263851475490232554237696864186`29.508443989177355 - 1.5872740901023685965546593022870463479231081227684735306831`29.62400258000614*I)*(-4/3 + u)^2*(-8/7 + u)^2 - (0.5968824612647582951218549041615314257475333055057271216695`29.499496999309883 - 0.8023286903972238692144500919746258807419595316683941809551`29.627960503873116*I)*(7/3 - u)*(-1/3 + u) - (0.4568765809209350975755453857775508578129657999197682896188`29.371151331691877 - 0.8895300949411415184237534370449845150193994358697773187929`29.66051308050147*I)*(-4/3 + u)*(-8/7 + u)*(-1/3 + u)*(-1/7 + u))*f[-1 + u])/((-7/3 + u)*(-15/7 + u)*(-4/3 + u)*(-8/7 + u)) - (((0.3604398751472265372666776505955500912937645232622850024938`29.707347828414424 + 0.9327824485933747164848359820708679294578496404879183613065`30.120295363558725*I)*(-4/3 + u)*(-8/7 + u) + (1.0421252615800992007591537173601929152707025546163127305558`29.867404925683804 + 1.7067976638638736196720260120693068356773456131376779774675`30.081667041926103*I)*(-1/3 + u)*(-1/7 + u))*f[u])/((-4/3 + u)*(-8/7 + u)) + f[1 + u], ((0.9944145978415286577806456150645332908393735038958268340201`29.44245325110677 + 0.1055443394961133295075060113382859913751619075649164082601`28.46832070644821*I)*(-1/3 + u)*(-1/7 + u)*f[-2 + u])/((-7/3 + u)*(-15/7 + u)) + f[1 + u], ((0.9944145978415286577806456150645332908393735038958268340201`29.44245325110677 + 0.1055443394961133295075060113382859913751619075649164082601`28.46832070644821*I)*(-1/3 + u)*(-1/7 + u)*f[-2 + u])/((-7/3 + u)*(-15/7 + u)) + f[1 + u], ((0.9944145978415286577806456150645332908393735038958268340201`29.44245325110677 + 0.1055443394961133295075060113382859913751619075649164082601`28.46832070644821*I)*(-1/3 + u)*(-1/7 + u)*f[-2 + u])/((-7/3 + u)*(-15/7 + u)) + f[1 + u], ((0.9944145978415286577806456150645332908393735038958268340201`29.44245325110677 + 0.1055443394961133295075060113382859913751619075649164082601`28.46832070644821*I)*(-1/3 + u)*(-1/7 + u)*f[-2 + u])/((-7/3 + u)*(-15/7 + u)) + f[1 + u], ((0.9944145978415286577806456150645332908393735038958268340201`29.44245325110677 + 0.1055443394961133295075060113382859913751619075649164082601`28.46832070644821*I)*(-1/3 + u)*(-1/7 + u)*f[-2 + u])/((-7/3 + u)*(-15/7 + u)) + f[1 + u], ((0.9944145978415286577806456150645332908393735038958268340201`29.44245325110677 + 0.1055443394961133295075060113382859913751619075649164082601`28.46832070644821*I)*(-1/3 + u)*(-1/7 + u)*f[-2 + u])/((-7/3 + u)*(-15/7 + u)) + f[1 + u], ((0.9944145978415286577806456150645332908393735038958268340201`29.44245325110677 + 0.1055443394961133295075060113382859913751619075649164082601`28.46832070644821*I)*(-1/3 + u)*(-1/7 + u)*f[-2 + u])/((-7/3 + u)*(-15/7 + u)) + f[1 + u], ((0.9944145978415286577806456150645332908393735038958268340201`29.44245325110677 + 0.1055443394961133295075060113382859913751619075649164082601`28.46832070644821*I)*(-1/3 + u)*(-1/7 + u)*f[-2 + u])/((-7/3 + u)*(-15/7 + u)) + f[1 + u]}, {((0.9944145978415286577806456150645332908393735038958268340201`29.44245325110677 + 0.1055443394961133295075060113382859913751619075649164082601`28.46832070644821*I)*(-1/3 + u)*(-1/7 + u)*f[-2 + u])/((-7/3 + u)*(-15/7 + u)) + f[1 + u], ((0.9944145978415286577806456150645332908393735038958268340201`29.44245325110677 + 0.1055443394961133295075060113382859913
[output truncated — 39494 chars total]
```

## 2026-07-17 13:19:10
**Input:**
```wolfram
{Head[tg[1,1][1,1][u]], Dimensions[tg[1,1][1,1][u]], Head[qdetT[1,1][u]], Dimensions[Bax[1,1]], Head[Bax[1,1]]}
```
**Output:**
```
Out= {List, {9, 9}, Times, {9, 9}, List}
```
## 2026-07-17 13:28:05 — ✏️ EDIT CELL 18
(*3rd-order Baxter/TQ equation (reference form). Diagonal-twist transfer matrices τ1=tg[·][1,1],
  τ2=tg[·][2,1]; qdetT already carries χ3, so NO explicit χ3 here (would double-count).
  A1=τ1/ν1[u], …

## 2026-07-17 13:28:29 — 🗑️ DELETE CODE CELL 18
(*Baxter equation for S1, S2 reps*)
ClearAll[Bax]
Bax[S1_,S2_]:=f[u+h] - τg[S1,S2][1,1][u]/ν1[S1,S2][u] f[u] + τg[S1,S2][2,1][u]/ν1[S1,S2][u]/ν1[S1,S2][u-h]f[u-h] + χ3 qdet[S1,S2][3,1][u]/ν1[S1,S2][u]…

## 2026-07-17 13:28:38 — 📥 BULK INSERT 1 CELL(S) at positions 18–18
1. [code] (*3rd-order Baxter/TQ equation (reference form). Diagonal-twist transfer matrices τ1=tg[·][1,1],↵  τ


## 2026-07-17 13:28:38
**Input:**
```wolfram
(*3rd-order Baxter/TQ equation (reference form). Diagonal-twist transfer matrices τ1=tg[·][1,1],
  τ2=tg[·][2,1]; qdetT already carries χ3, so NO explicit χ3 here (would double-count).
  A1=τ1/ν1[u], A2=τ2/(ν1[u]ν1[u-h]), A3=qdetT/(ν1[u]ν1[u-h]ν1[u-2h]).*)
ClearAll[Bax];
Bax[S1_, S2_] :=
  f[u + h]
   - tg[S1, S2][1, 1][u]/ν1[S1, S2][u] f[u]
   + tg[S1, S2][2, 1][u]/(ν1[S1, S2][u] ν1[S1, S2][u - h]) f[u - h]
   - qdetT[S1, S2][u]/(ν1[S1, S2][u] ν1[S1, S2][u - h] ν1[S1, S2][u - 2 h]) f[u - 2 h];
Head[Bax[1, 1]]
```
**Output:**
```
Out[57]= \mathrm{List}
```
## 2026-07-17 13:32:18 — 📥 BULK INSERT 3 CELL(S) at positions 19–21
1. [code] (*coefficient matrices of tau1=tg[.][1,1] (deg 2 in u) and tau2=tg[.][2,1] (deg 4 in u),↵  extracted
2. [code] (*Cartan operators (gl(3) weight generators H1=E11-E22, H2=E22-E33) acting on the two-site space*)↵C
3. [code] (*hard-assert check: leading coefficients of tau1,tau2 are chi1*Id, chi2*Id (quantum-determinant↵  n


## 2026-07-17 13:32:19
**Input:**
```wolfram
(*coefficient matrices of tau1=tg[.][1,1] (deg 2 in u) and tau2=tg[.][2,1] (deg 4 in u),
  extracted by CoefficientList in a dummy variable uu so tg[..][..][uu] is treated as a polynomial in uu.
  c1={C0,C1,C2} with tau1(u)=Sum_k C_k u^k (index k+1 in the list); c2={D0,...,D4} similarly for tau2.*)
ClearAll[tgCoeffs];
tgCoeffs[S1_, S2_] := tgCoeffs[S1, S2] = Module[{uu, m1, m2, cl1, cl2},
   m1 = tg[S1, S2][1, 1][uu];
   m2 = tg[S1, S2][2, 1][uu];
   cl1 = Map[PadRight[CoefficientList[#, uu], 3] &, m1, {2}];
   cl2 = Map[PadRight[CoefficientList[#, uu], 5] &, m2, {2}];
   {Table[cl1[[All, All, k]], {k, 1, 3}], Table[cl2[[All, All, k]], {k, 1, 5}]}
];
```
**Output:**
```
(no output)
```

## 2026-07-17 13:32:19
**Input:**
```wolfram
(*Cartan operators (gl(3) weight generators H1=E11-E22, H2=E22-E33) acting on the two-site space*)
ClearAll[H1op, H2op];
H1op[S1_, S2_] := EE[S1, S2][1, 1] - EE[S1, S2][2, 2];
H2op[S1_, S2_] := EE[S1, S2][2, 2] - EE[S1, S2][3, 3];
```
**Output:**
```
(no output)
```

## 2026-07-17 13:32:19
**Input:**
```wolfram
(*hard-assert check: leading coefficients of tau1,tau2 are chi1*Id, chi2*Id (quantum-determinant
  normalization), and the full commuting family {C0,C1,C2,D0,...,D4,H1op,H2op} pairwise-commutes*)
Module[{S1 = 2, S2 = 1, d, c1, c2, C2, D4, mats, comm},
  d = dim[{S1, 0, 0}] dim[{S2, 0, 0}];
  {c1, c2} = tgCoeffs[S1, S2];
  C2 = c1[[3]]; D4 = c2[[5]];
  (* leading coeffs: τ1 ~ χ1 u^2, τ2 ~ χ2 u^4 *)
  If[Max[Abs[Flatten[C2 - χ1 IdentityMatrix[d]]]] > 10^-13, Print["C2 FAIL"]; Abort[]];
  If[Max[Abs[Flatten[D4 - χ2 IdentityMatrix[d]]]] > 10^-13, Print["D4 FAIL"]; Abort[]];
  (* full commuting family pairwise-commutes *)
  mats = Join[c1, c2, {H1op[S1, S2], H2op[S1, S2]}];
  comm = Max[Table[Max[Abs[Flatten[mats[[i]].mats[[j]] - mats[[j]].mats[[i]]]]],
      {i, Length[mats]}, {j, Length[mats]}]];
  If[comm > 10^-12, Print["COMMUTATION FAIL: ", comm]; Abort[]];
  {"C2=χ1 Id OK", "D4=χ2 Id OK", "maxCommutator" -> comm}
]
```
**Output:**
```
Out[63]= \left\{\text{C2=$\chi$1 Id OK},\text{D4=$\chi$2 Id OK},\text{maxCommutator}\to 0.\times 10^{-26}\right\}
```

## 2026-07-17 13:32:30
**Input:**
```wolfram
Module[{S1 = 1, S2 = 1, d, c1, c2, C2, D4, mats, comm},
  d = dim[{S1, 0, 0}] dim[{S2, 0, 0}];
  {c1, c2} = tgCoeffs[S1, S2];
  C2 = c1[[3]]; D4 = c2[[5]];
  If[Max[Abs[Flatten[C2 - χ1 IdentityMatrix[d]]]] > 10^-13, Print["C2 FAIL"]; Abort[]];
  If[Max[Abs[Flatten[D4 - χ2 IdentityMatrix[d]]]] > 10^-13, Print["D4 FAIL"]; Abort[]];
  mats = Join[c1, c2, {H1op[S1, S2], H2op[S1, S2]}];
  comm = Max[Table[Max[Abs[Flatten[mats[[i]].mats[[j]] - mats[[j]].mats[[i]]]]],
      {i, Length[mats]}, {j, Length[mats]}]];
  If[comm > 10^-12, Print["COMMUTATION FAIL: ", comm]; Abort[]];
  {"C2=χ1 Id OK", "D4=χ2 Id OK", "maxCommutator" -> comm}
]
```
**Output:**
```
Out= {"C2=χ1 Id OK", "D4=χ2 Id OK", "maxCommutator" -> 0``26.15841266270934}
```

## 2026-07-17 13:32:48
**Input:**
```wolfram
Module[{S1 = 2, S2 = 2, d, c1, c2, C2, D4, mats, comm},
  d = dim[{S1, 0, 0}] dim[{S2, 0, 0}];
  {c1, c2} = tgCoeffs[S1, S2];
  C2 = c1[[3]]; D4 = c2[[5]];
  If[Max[Abs[Flatten[C2 - χ1 IdentityMatrix[d]]]] > 10^-13, Print["C2 FAIL"]; Abort[]];
  If[Max[Abs[Flatten[D4 - χ2 IdentityMatrix[d]]]] > 10^-13, Print["D4 FAIL"]; Abort[]];
  mats = Join[c1, c2, {H1op[S1, S2], H2op[S1, S2]}];
  comm = Max[Table[Max[Abs[Flatten[mats[[i]].mats[[j]] - mats[[j]].mats[[i]]]]],
      {i, Length[mats]}, {j, Length[mats]}]];
  If[comm > 10^-12, Print["COMMUTATION FAIL: ", comm]; Abort[]];
  {"C2=χ1 Id OK", "D4=χ2 Id OK", "maxCommutator" -> comm}
]
```
**Output:**
```
Out= {"C2=χ1 Id OK", "D4=χ2 Id OK", "maxCommutator" -> 0``25.6545786594317}
```
## 2026-07-17 13:42:22 — 📥 BULK INSERT 2 CELL(S) at positions 22–23
1. [code] (*combinatorial predictor for gl(3) weight multiplicities in [S1,0,0]\[CircleTimes][S2,0,0]:↵  recov
2. [code] (*hard-assert sum-rule check: total weight count over all (H1,H2) must equal dim[S1]*dim[S2]*)↵Modul


## 2026-07-17 13:42:22
**Input:**
```wolfram
(*combinatorial predictor for gl(3) weight multiplicities in [S1,0,0]\[CircleTimes][S2,0,0]:
  recover (n1,n2,n3) from (H1,H2) via n1+n2+n3=S1+S2, then count splittings
  (a1,a2,a3) of [S1,0,0] with a componentwise complement (n_i-a_i>=0) landing in [S2,0,0]*)
ClearAll[wtMult];
wtMult[S1_, S2_][H1_, H2_] := Module[{Ntot = S1 + S2, n1, n2, n3},
   n3 = (Ntot - H1 - 2 H2)/3; n2 = n3 + H2; n1 = n3 + H1 + H2;
   If[! (IntegerQ[n1] && IntegerQ[n2] && IntegerQ[n3] && n1 >= 0 && n2 >= 0 && n3 >= 0),
     Return[0]];
   Length@Select[
     Flatten[Table[{a1, a2, S1 - a1 - a2}, {a1, 0, S1}, {a2, 0, S1 - a1}], 1],
     (n1 - #[[1]] >= 0 && n2 - #[[2]] >= 0 && n3 - #[[3]] >= 0) &]
];
```
**Output:**
```
(no output)
```

## 2026-07-17 13:42:23
**Input:**
```wolfram
(*hard-assert sum-rule check: total weight count over all (H1,H2) must equal dim[S1]*dim[S2]*)
Module[{S1 = 2, S2 = 1, d, tot},
  d = dim[{S1, 0, 0}] dim[{S2, 0, 0}];
  tot = Total@Flatten@Table[
      wtMult[S1, S2][H1, H2], {H1, -3 (S1 + S2), 3 (S1 + S2)}, {H2, -3 (S1 + S2), 3 (S1 + S2)}];
  If[tot != d, Print["SUM-RULE FAIL: ", tot, " != ", d]; Abort[]];
  {"total weights" -> tot, "dim" -> d,
   "spot (2,1)@(H1,H2)=(1,1)" -> wtMult[2, 1][1, 1]}
]
```
**Output:**
```
Out[66]= \left\{\text{total weights}\to 18,\text{dim}\to 18,\text{spot (2,1)@(H1,H2)=(1,1)}\to 2\right\}
```
## 2026-07-17 13:42:30 — 📥 BULK INSERT 1 CELL(S) at positions 24–24
1. [code] (*guard the combinatorics on a second rep: (S1,S2)=(2,2), d=36*)\nModule[{S1 = 2, S2 = 2, d, tot},\n


## 2026-07-17 13:42:30
**Input:**
```wolfram
(*guard the combinatorics on a second rep: (S1,S2)=(2,2), d=36*)\nModule[{S1 = 2, S2 = 2, d, tot},\n  d = dim[{S1, 0, 0}] dim[{S2, 0, 0}];\n  tot = Total@Flatten@Table[\n      wtMult[S1, S2][H1, H2], {H1, -3 (S1 + S2), 3 (S1 + S2)}, {H2, -3 (S1 + S2), 3 (S1 + S2)}];\n  If[tot != d, Print[\"SUM-RULE FAIL: \", tot, \" != \", d]; Abort[]];\n  {\"total weights\" -> tot, \"dim\" -> d}\n]
```
**Output:**
```
Out[67]= \left\{\text{total weights}\to 36,\text{dim}\to 36\right\}
```
## 2026-07-17 13:48:14 — 📥 BULK INSERT 3 CELL(S) at positions 25–27
1. [code] ClearAll[TauEigensystem3];↵TauEigensystem3::rankdef = "Generic combination failed to resolve the `1`
2. [code] ClearAll[Psi, tau1, tau2];↵Psi::bnds = "No state at (H1,H2,n)=(`1`,`2`,`3`) for (S1,S2)=(`4`,`5`).";
3. [code] Module[{S1 = 2, S2 = 1, es, worst},↵  es = TauEigensystem3[S1, S2];↵  worst = Max@KeyValueMap[↵


## 2026-07-17 13:48:14
**Input:**
```wolfram
ClearAll[TauEigensystem3];
TauEigensystem3::rankdef = "Generic combination failed to resolve the `1`-dim eigenspace for (S1,S2)=(`2`,`3`) at every tried coefficient set.";
TauEigensystem3::notgenuine = "Eigenvector #`1` for (S1,S2)=(`2`,`3`) failed the common-eigenvector residual check (residual=`4`).";
TauEigensystem3::noninteger = "Weight (H1 or H2)=`1` not near-integer for eigenvector #`2` at (S1,S2)=(`3`,`4`).";
TauEigensystem3::degnull = "Sector (H1,H2)=(`1`,`2`) for (S1,S2)=(`3`,`4`) has `5` state(s) but wtMult predicts `6`.";
TauEigensystem3[S1_, S2_] := TauEigensystem3[S1, S2] = Module[
   {d, c1, c2, mats, nontriv, rSets, rset, Kmix, vals, vecs, rayleigh, recs, byHW, table},
   d = dim[{S1, 0, 0}] dim[{S2, 0, 0}];
   {c1, c2} = tgCoeffs[S1, S2];
   (* full family for extraction; drop the two scalar leading coeffs (c1[[3]],c2[[5]]) from the
      splitting combination since they carry no state info *)
   mats = Join[c1, c2, {H1op[S1, S2], H2op[S1, S2]}];
   nontriv = Join[c1[[1 ;; 2]], c2[[1 ;; 4]], {H1op[S1, S2], H2op[S1, S2]}]; (* 8 matrices *)
   rSets = Table[N[Table[Prime[100 i + 7 j]^(1/3), {j, Length[nontriv]}], 30], {i, 1, 8}];
   rset = SelectFirst[rSets,
     Module[{ee, vv}, {ee, vv} = Eigensystem[#.nontriv];
        MatrixRank[vv] == d && Length[Union[Chop[ee, 10^-12]]] == d] &,
     Missing["NoGenericR"]];
   If[MissingQ[rset], Message[TauEigensystem3::rankdef, d, S1, S2]; Abort[]];
   Kmix = rset . nontriv;
   {vals, vecs} = Eigensystem[N[Kmix, 30]];
   rayleigh[m_, v_] := (v . (m . v))/(v . v);
   recs = Table[
     Module[{v = vecs[[i]], quotients, res, H1v, H2v, t1c, t2c},
       quotients = rayleigh[#, v] & /@ mats;
       res = Max[Abs[#.v - rayleigh[#, v] v]] & /@ mats // Max;
       If[res > 10^-13, Message[TauEigensystem3::notgenuine, i, S1, S2, res]; Abort[]];
       t1c = rayleigh[#, v] & /@ c1;           (* {C0,C1,C2} quotients *)
       t2c = rayleigh[#, v] & /@ c2;           (* {D0..D4} quotients *)
       H1v = rayleigh[H1op[S1, S2], v]; H2v = rayleigh[H2op[S1, S2], v];
       If[Abs[H1v - Round[Re[H1v]]] > 10^-10, Message[TauEigensystem3::noninteger, H1v, i, S1, S2]; Abort[]];
       If[Abs[H2v - Round[Re[H2v]]] > 10^-10, Message[TauEigensystem3::noninteger, H2v, i, S1, S2]; Abort[]];
       <|"H1" -> Round[Re[H1v]], "H2" -> Round[Re[H2v]], "t1c" -> t1c, "t2c" -> t2c, "vec" -> v|>],
     {i, 1, d}];
   byHW = GroupBy[recs, {#["H1"], #["H2"]} &];
   table = Association @ Flatten @ KeyValueMap[
      Function[{hw, group},
        Module[{sorted, predicted, last},
          predicted = wtMult[S1, S2][hw[[1]], hw[[2]]];
          (* order n by (Re,Im) of the C0 Rayleigh quotient (energy-like scalar) *)
          sorted = SortBy[group, {Re[#["t1c"][[1]]], Im[#["t1c"][[1]]]} &];
          If[Length[sorted] != predicted,
            Message[TauEigensystem3::degnull, hw[[1]], hw[[2]], S1, S2, Length[sorted], predicted]; Abort[]];
          MapIndexed[
            Function[{rec, idx}, Module[{n = First[idx] - 1, vv = rec["vec"], lc},
              lc = SelectFirst[vv, Abs[#] > 10^-13 Max[Abs[vv]] &];
              {hw[[1]], hw[[2]], n} -> <|"tau1c" -> rec["t1c"], "tau2c" -> rec["t2c"], "Psi" -> vv/lc|>]],
            sorted]]],
      byHW];
   If[Length[table] != d, Message[TauEigensystem3::degnull, "total", "-", S1, S2, Length[table], d]; Abort[]];
   table
];
```
**Output:**
```
(no output)
```

## 2026-07-17 13:48:14
**Input:**
```wolfram
ClearAll[Psi, tau1, tau2];
Psi::bnds = "No state at (H1,H2,n)=(`1`,`2`,`3`) for (S1,S2)=(`4`,`5`).";
Psi[S1_, S2_][H1_, H2_, n_] := Lookup[TauEigensystem3[S1, S2], Key[{H1, H2, n}],
    (Message[Psi::bnds, H1, H2, n, S1, S2]; Missing["NoState", {H1, H2, n}])]["Psi"];
tau1[S1_, S2_][H1_, H2_, n_][u_] := TauEigensystem3[S1, S2][{H1, H2, n}, "tau1c"] . u^Range[0, 2];
tau2[S1_, S2_][H1_, H2_, n_][u_] := TauEigensystem3[S1, S2][{H1, H2, n}, "tau2c"] . u^Range[0, 4];
```
**Output:**
```
(no output)
```

## 2026-07-17 13:48:15
**Input:**
```wolfram
Module[{S1 = 2, S2 = 1, es, worst},
  es = TauEigensystem3[S1, S2];
  worst = Max@KeyValueMap[
     Function[{k, rec},
       Module[{H1 = k[[1]], H2 = k[[2]], n = k[[3]], v = rec["Psi"], uu = 17/5},
         Max[
          Max[Abs[(tg[S1, S2][1, 1][uu] . v) - tau1[S1, S2][H1, H2, n][uu] v]],
          Max[Abs[(tg[S1, S2][2, 1][uu] . v) - tau2[S1, S2][H1, H2, n][uu] v]]]]],
     es];
  If[worst > 10^-11, Print["EIGEN RESIDUAL FAIL: ", worst]; Abort[]];
  {"nstates" -> Length[es], "worstResidual@u=17/5" -> worst}
]
```
**Output:**
```
Out[79]= \left\{\text{nstates}\to 18,\text{worstResidual@u=17/5}\to 1.359292769213167893921303\times 10^{-27}\right\}
```

## 2026-07-17 14:02:18
**Input:**
```wolfram
Module[{S1 = 1, S2 = 1, es, worst},
  es = TauEigensystem3[S1, S2];
  worst = Max@KeyValueMap[
     Function[{k, rec},
       Module[{H1 = k[[1]], H2 = k[[2]], n = k[[3]], v = rec["Psi"], uu = 17/5},
         Max[
          Max[Abs[(tg[S1, S2][1, 1][uu] . v) - tau1[S1, S2][H1, H2, n][uu] v]],
          Max[Abs[(tg[S1, S2][2, 1][uu] . v) - tau2[S1, S2][H1, H2, n][uu] v]]]]],
     es];
  If[worst > 10^-11, Print["EIGEN RESIDUAL FAIL: ", worst]; Abort[]];
  {"nstates" -> Length[es], "worstResidual@u=17/5" -> worst, "expected" -> dim[{S1,0,0}] dim[{S2,0,0}]}
]
```
**Output:**
```
Out= {"nstates" -> 9, "worstResidual@u=17/5" -> 4.351882429728977936066513775178630089543`24.81639060791746*^-38, "expected" -> 9}
```

## 2026-07-17 14:02:21
**Input:**
```wolfram
Module[{S1 = 2, S2 = 2, es, worst},
  es = TauEigensystem3[S1, S2];
  worst = Max@KeyValueMap[
     Function[{k, rec},
       Module[{H1 = k[[1]], H2 = k[[2]], n = k[[3]], v = rec["Psi"], uu = 17/5},
         Max[
          Max[Abs[(tg[S1, S2][1, 1][uu] . v) - tau1[S1, S2][H1, H2, n][uu] v]],
          Max[Abs[(tg[S1, S2][2, 1][uu] . v) - tau2[S1, S2][H1, H2, n][uu] v]]]]],
     es];
  If[worst > 10^-11, Print["EIGEN RESIDUAL FAIL: ", worst]; Abort[]];
  {"nstates" -> Length[es], "worstResidual@u=17/5" -> worst, "expected" -> dim[{S1,0,0}] dim[{S2,0,0}]}
]
```
**Output:**
```
Out= {"nstates" -> 36, "worstResidual@u=17/5" -> 1.798311988555260034005821300982471455924115020616055`25.012439748753433*^-26, "expected" -> 36}
```

## 2026-07-17 14:02:27
**Input:**
```wolfram
Keys[TauEigensystem3[2,1]]
```
**Output:**
```
Out= {{-1, -1, 0}, {-1, -1, 1}, {1, -2, 0}, {1, -2, 1}, {1, 1, 0}, {1, 1, 1}, {-2, 1, 0}, {-2, 1, 1}, {0, 0, 0}, {0, 0, 1}, {0, 0, 2}, {2, -1, 0}, {2, -1, 1}, {-1, 2, 0}, {-1, 2, 1}, {0, -3, 0}, {3, 0, 0}, {-3, 3, 0}}
```

## 2026-07-17 14:02:28
**Input:**
```wolfram
SortBy[Keys[TauEigensystem3[2,1]], {#[[1]],#[[2]],#[[3]]}&] // TableForm
```
**Output:**
```
Out= TableForm[{{-3, 3, 0}, {-2, 1, 0}, {-2, 1, 1}, {-1, -1, 0}, {-1, -1, 1}, {-1, 2, 0}, {-1, 2, 1}, {0, -3, 0}, {0, 0, 0}, {0, 0, 1}, {0, 0, 2}, {1, -2, 0}, {1, -2, 1}, {1, 1, 0}, {1, 1, 1}, {2, -1, 0}, {2, -1, 1}, {3, 0, 0}}]
```
## 2026-07-17 14:11:36 — ✏️ EDIT CELL 25
ClearAll[TauEigensystem3];
TauEigensystem3::rankdef = "Generic combination failed to resolve the `1`-dim eigenspace for (S1,S2)=(`2`,`3`) at every tried coefficient set.";
TauEigensystem3::notgenuine …


## 2026-07-17 14:11:36
**Input:**
```wolfram
ClearAll[TauEigensystem3];
TauEigensystem3::rankdef = "Generic combination failed to resolve the `1`-dim eigenspace for (S1,S2)=(`2`,`3`) at every tried coefficient set.";
TauEigensystem3::notgenuine = "Eigenvector #`1` for (S1,S2)=(`2`,`3`) failed the common-eigenvector residual check (residual=`4`).";
TauEigensystem3::noninteger = "Weight (H1 or H2)=`1` not near-integer for eigenvector #`2` at (S1,S2)=(`3`,`4`).";
TauEigensystem3::degnull = "Sector (H1,H2)=(`1`,`2`) for (S1,S2)=(`3`,`4`) has `5` state(s) but wtMult predicts `6`.";
TauEigensystem3[S1_, S2_] := TauEigensystem3[S1, S2] = Module[
   {d, c1, c2, mats, nontriv, rSets, rset, Kmix, vals, vecs, rayleigh, recs, byHW, table},
   d = dim[{S1, 0, 0}] dim[{S2, 0, 0}];
   {c1, c2} = tgCoeffs[S1, S2];
   (* full family for extraction; drop the two scalar leading coeffs (c1[[3]],c2[[5]]) from the
      splitting combination since they carry no state info *)
   mats = Join[c1, c2, {H1op[S1, S2], H2op[S1, S2]}];
   nontriv = Join[c1[[1 ;; 2]], c2[[1 ;; 4]], {H1op[S1, S2], H2op[S1, S2]}]; (* 8 matrices *)
   rSets = Table[N[Table[Prime[100 i + 7 j]^(1/3), {j, Length[nontriv]}], 30], {i, 1, 8}];
   rset = SelectFirst[rSets,
     Module[{ee, vv}, {ee, vv} = Eigensystem[#.nontriv];
        MatrixRank[vv] == d && Length[Union[Chop[ee, 10^-12]]] == d] &,
     Missing["NoGenericR"]];
   If[MissingQ[rset], Message[TauEigensystem3::rankdef, d, S1, S2]; Abort[]];
   Kmix = rset . nontriv;
   {vals, vecs} = Eigensystem[N[Kmix, 30]];
   rayleigh[m_, v_] := (v . (m . v))/(v . v);
   recs = Table[
     Module[{v = vecs[[i]], quotients, res, H1v, H2v, t1c, t2c},
       quotients = rayleigh[#, v] & /@ mats;
       res = Max[Abs[#.v - rayleigh[#, v] v]] & /@ mats // Max;
       If[res > 10^-13, Message[TauEigensystem3::notgenuine, i, S1, S2, res]; Abort[]];
       t1c = rayleigh[#, v] & /@ c1;           (* {C0,C1,C2} quotients *)
       t2c = rayleigh[#, v] & /@ c2;           (* {D0..D4} quotients *)
       H1v = rayleigh[H1op[S1, S2], v]; H2v = rayleigh[H2op[S1, S2], v];
       If[Abs[H1v - Round[Re[H1v]]] > 10^-10, Message[TauEigensystem3::noninteger, H1v, i, S1, S2]; Abort[]];
       If[Abs[H2v - Round[Re[H2v]]] > 10^-10, Message[TauEigensystem3::noninteger, H2v, i, S1, S2]; Abort[]];
       <|"H1" -> Round[Re[H1v]], "H2" -> Round[Re[H2v]], "t1c" -> t1c, "t2c" -> t2c, "vec" -> v|>],
     {i, 1, d}];
   byHW = GroupBy[recs, {#["H1"], #["H2"]} &];
   table = Association @ Flatten @ KeyValueMap[
      Function[{hw, group},
        Module[{sorted, predicted, last},
          predicted = wtMult[S1, S2][hw[[1]], hw[[2]]];
          (* order n by the full real+imaginary parts of ALL tau1/tau2 Rayleigh quotients:
             within a fixed (H1,H2) sector, states are separated by their tau1/tau2 charges
             since the generic combination Kmix has simple spectrum there, so this tuple gives
             a deterministic total order (a single C0 coefficient is not guaranteed distinct) *)
          sorted = SortBy[group, Join[Re[#["t1c"]], Im[#["t1c"]], Re[#["t2c"]], Im[#["t2c"]]] &];
          If[Length[sorted] != predicted,
            Message[TauEigensystem3::degnull, hw[[1]], hw[[2]], S1, S2, Length[sorted], predicted]; Abort[]];
          MapIndexed[
            Function[{rec, idx}, Module[{n = First[idx] - 1, vv = rec["vec"], lc},
              lc = SelectFirst[vv, Abs[#] > 10^-13 Max[Abs[vv]] &];
              {hw[[1]], hw[[2]], n} -> <|"tau1c" -> rec["t1c"], "tau2c" -> rec["t2c"], "Psi" -> vv/lc|>]],
            sorted]]],
      byHW];
   If[Length[table] != d, Message[TauEigensystem3::degnull, "total", "-", S1, S2, Length[table], d]; Abort[]];
   table
];
```
**Output:**
```
Out= Null
```
## 2026-07-17 14:11:48 — ▶️ RUN CELL 26
**In [26]:** `ClearAll[Psi, tau1, tau2];↵Psi::bnds = "No state at (H1,H2,n)=(`1`,`2`,`3`) for (S1,S2)=(`4`,`5`).";↵Psi[S1_, S2_][H1_, H2_, n_] := Lookup[TauEigensystem3[S1, S2], Key[{H1, H2, n}],↵    (Message[Psi::`
**Out:** (no output)

## 2026-07-17 14:11:48 — ▶️ RUN CELL 27 (0.02 s)
**In [27]:** `Module[{S1 = 2, S2 = 1, es, worst},↵  es = TauEigensystem3[S1, S2];↵  worst = Max@KeyValueMap[↵     Function[{k, rec},↵       Module[{H1 = k[[1]], H2 = k[[2]], n = k[[3]], v = rec["Psi"], uu = 17/5},↵`
**Out:** Out[85]= \left\{\text{nstates}\to 18,\text{worstResidual@u=17/5}\to 1.359292769213167893921303\times 10^{-27}\right\}


## 2026-07-17 14:12:11
**Input:**
```wolfram
DownValues[TauEigensystem3] // Length
```
**Output:**
```
Out= 2
```

## 2026-07-17 14:12:11
**Input:**
```wolfram
StringContainsQ[ToString[DownValues[TauEigensystem3][[1]], InputForm], "Join[Re"]
```
**Output:**
```
Out= False
```

## 2026-07-17 14:12:27
**Input:**
```wolfram
DownValues[TauEigensystem3][[2]] // InputForm // Short
```
**Output:**
```
